1549 2181 2025 4860 476 1962 1973 4876 1793 3116 319 3143 360 312 1003 1576 856 3392 4492
880 2497 4516 1484 3052 4506 3776 642 3995 2995 1813 2351 2036 4479 4522 4207 3875 4871 2779
1869 2138 3150 3657 3579 1431 3208 4105 754 4686 2842 589 4747 1215 3237 4302 4607 442 4278
3901 896 2027 4870 783 473 3922 2084 4369 1972 3373 3035 3068 752 1904 1577 3769 858 2806
802 3243 4938 1428 916 2084 332 4949 2825 2560 4519 502 62 754 1706 2105 2344 2248 2614
1159 2576 836 1973 1863 2219 3994 2262 3640 265 3696 1407 57 1036 2100 1328 1794 455 124
3868 1870 4023 2537 3808 950 2416 474 1617 3077 4238 3778 2098 3176 1837 2437 2307 2005 1874
1143 2498 299 4705 1599 3906 2855 2116 2738 2599 1014 4222 597 3792 3904 3823 2085 4451 2248
1620 167 602 3954 1935 2458 2900 1234 623 3186 3431 2185 3217 1338 4341 1411 3789 4436 3004
1103 4589 3148 3211 4787 3448 3575 1592 3522 1150 1636 3070 1464 3544 1590 307 3474 4197 4930
4154 674 4772 3859 1007 1758 4413 3884 55 403 4009 4235 2000 960 2522 1290 195 4852 3352
2448 2261 2224 3373 2039 42 782 3398 4292 2653 4240 2588 4256 2970 3322 3974 3086 1899 2592
4324 958 1365 916 3499 2188 1745 392 2903 1513 3655 1469 2606 547 2244 649 4770 3417 2100
1914 1740 3602 3285 2332 1997 3144 4429 3910 991 2181 196 4568 4810 1775 4355 1710 1811 3325
2039 1173 4830 437 4147 1561 1868 3494 2238 4839 221 4654 2179 1861 3569 3925 3921 2995 2193
3002 3942 4493 2419 2619 4148 3877 2221 3786 2728 732 907 1430 179 3103 2223 591 183 4648
3930 2679 3781 1775 3331 3235 2074 868 2525 2063 4086 2307 153 12 3041 873 4625 2100 1655
1602 3290 4424 998 253 4600 3748 1287 3938 1383 695 3582 513 4073 3155 2644 4543 4120 2789
2864 1928 4564 3704 517 760 1767 1475 1023 3501 828 2646 1984 689 3414 2343 3650 736 3522
992 4726 2304 3649 2827 3877 1266 3752 1273 3242 3618 1033 2898 4089 4866 692 1260 2341 2687
4723 4217 3648 3760 622 3204 1330 1597 2788 4649 1978 2287 2006 4658 572 2742 2867 2827 3480
4001 3131 2706 2442 1367 4811 2512 4544 1789 2325 1938 1899 404 2092 739 4490 1099 3288 4444
4962 231 3862 2779 1150 3202 3878 3119 4108 2891 2522 2254 183 4129 1226 4930 4745 3751 1226
1956 1453 2756 2503 4389 85 4841 3008 3589 853 4672 3594 413 4114 1330 4368 1651 1923 2732
2365 517 1352 1904 2465 760 378 1766 250 1777 4074 2563 3035 3266 2838 4590 4934 296 4734
1101 3478 4314 4154 1459 2728 2769 2678 164 2715 20 3369 103 2906 1814 2349 3516 3381 836
779 243 3901 3501 3792 4740 4654 833 3902 1406 576 2494 4998 2810 4678 4451 868 2191 1489
872 4051 4557 672 2376 736 1798 734 1542 1726 4249 160 1185 1019 1815 2890 4107 227 3120
2963 4619 2285 2713 2204 4007 3726 3763 4578 4296 4517 2498 2068 1707 1652 279 2952 1738 4884
2056 2209 454 256 4877 1825 984 2013 2343 4208 2647 705 3047 1745 4795 1477 3266 3304 4213
2846 4504 1558 4821 1488 2289 831 2554 3369 1820 3120 3923 4449 2546 3977 1426 1075 1086 631
3049 1475 1548 2381 1721 2435 2264 4831 2823 2789 3160 2631 4595 2616 1296 4581 4279 3135 1473
